📊 Data Preview:
  COSMIC_SAMPLE_ID      SAMPLE_NAME COSMIC_GENE_ID GENE_SYMBOL REGULATION  Z_SCORE COSMIC_STUDY_ID
0      COSS1337808  TCGA-02-2483-01        COSG483       ALG14     normal    0.282         COSU329
1      COSS1337808  TCGA-02-2483-01       COSG2219       FOXJ2     normal    0.772         COSU329
2      COSS1337808  TCGA-02-2483-01       COSG2693         XDH     normal   -0.687         COSU329
3      COSS1337808  TCGA-02-2483-01       COSG2824       TTC24     normal   -0.164         COSU329
4      COSS1337808  TCGA-02-2483-01       COSG4704       WDR55     normal   -1.536         COSU329

🔍 Info:
<class 'pandas.core.frame.DataFrame'>
RangeIndex: 1000 entries, 0 to 999
Data columns (total 7 columns):
 #   Column            Non-Null Count  Dtype
---  ------            --------------  -----
 0   COSMIC_SAMPLE_ID  1000 non-null   object
 1   SAMPLE_NAME       1000 non-null   object
 2   COSMIC_GENE_ID    1000 non-null   object
 3   GENE_SYMBOL       1000 non-null   object
 4   REGULATION        1000 non-null   object
 5   Z_SCORE           1000 non-null   float64
 6   COSMIC_STUDY_ID   1000 non-null   object
dtypes: float64(1), object(6)
memory usage: 54.8+ KB
None

Missing values per column:
COSMIC_SAMPLE_ID    0
SAMPLE_NAME         0
COSMIC_GENE_ID      0
GENE_SYMBOL         0
REGULATION          0
Z_SCORE             0
COSMIC_STUDY_ID     0
dtype: int64

Summary Stats (numeric):
          count      mean      std   min      25%     50%     75%     max
Z_SCORE  1000.0  0.010121  1.12936 -2.92 -0.55225 -0.2105  0.3285  14.136

Duplicate rows: 0

Correlation Matrix:
         Z_SCORE
Z_SCORE      1.0
            count      mean       std    min      25%     50%      75%     max
REGULATION
normal      951.0 -0.133808  0.703189 -1.940 -0.56000 -0.2410  0.24800   1.994
over         43.0  3.519442  2.298273  2.014  2.20500  2.5860  3.70100  14.136
under         6.0 -2.327333  0.328014 -2.920 -2.42425 -2.1585 -2.14025  -2.080

`````````````````
Aggregated 18772 genes

Gene Features:
               mean_z     std_z  over_frac  under_frac  normal_frac  sample_count
GENE_SYMBOL
A1BG         0.347684  4.596106   0.052521    0.000000     0.947479          9144
A1CF         0.186308  2.930897   0.033993    0.000993     0.965014          9144
A2M         -0.072613  0.961042   0.032627    0.000236     0.967138          9144
A2ML1        0.187682  2.894055   0.036142    0.000000     0.963858          9144
A4GALT      -0.044965  1.082605   0.046383    0.001134     0.952483          9144
A4GNT        0.110459  1.849041   0.044905    0.000000     0.955095          9144
AAAS         0.085175  1.192472   0.064820    0.006216     0.928964          9144
AACS         0.016480  1.137541   0.049838    0.002036     0.948126          9144
AADAC        0.175209  2.498112   0.037637    0.000000     0.962363          9144
AADACL2      0.127776  2.070936   0.025863    0.000000     0.974137          9144
AADACL3      0.040867  1.210182   0.027095    0.000000     0.972905          9144
AADACL4      0.013045  1.243882   0.038612    0.000000     0.961388          9144
AADAT       -0.013749  0.983148   0.040717    0.001631     0.957652          9144
AAGAB       -0.030503  1.205769   0.054281    0.016116     0.929603          9144
AAK1         0.067649  1.124968   0.055423    0.005299     0.939279          9144
AAMDC        0.150881  1.866374   0.055256    0.000755     0.943989          9144
AAMP        -0.050583  1.190171   0.049915    0.027229     0.922856          9144
AANAT        0.117142  1.395584   0.064185    0.000322     0.935493          9144
AAR2         0.684500  2.061093   0.161481    0.021662     0.816858          9144
AARD         3.923364  6.714121   0.091263    0.017952     0.890785           410

Top 20 Over-expressed Genes:
               mean_z      std_z  over_frac  under_frac  normal_frac  sample_count
GENE_SYMBOL
TTI1         1.680185   2.139109   0.329206    0.000000     0.670794           410
PET117       1.181685   2.012689   0.273615    0.008268     0.718117           410
AP5Z1        1.119113   1.952463   0.239721    0.009993     0.750286           410
SPATA25      1.350318   2.479549   0.234293    0.008081     0.757626           410
TMEM230      1.118264   1.962388   0.232091    0.001357     0.766552           410
CERS2        0.963771   1.621450   0.212591    0.001515     0.785894           410
AP5S1        0.931562   1.688109   0.207849    0.008458     0.783693           410
ZNF7         0.903154   2.159500   0.207790    0.013609     0.778601          9144
F8A3         0.990236   2.314741   0.205087    0.036352     0.758561           410
DERL1        0.931059   2.244750   0.203416    0.008561     0.788023          9144
DCAF13       0.949646   2.152158   0.202995    0.006308     0.790697          9144
SLC52A2      0.863488   1.492437   0.200483    0.013131     0.786386           410
RBM48        1.927724   3.940917   0.199894    0.006610     0.793496           410
MIEN1        6.151672  12.692428   0.198451    0.000000     0.801549           410
DEDD         0.842409   2.212675   0.197066    0.014298     0.788636          9144
UBE2Q1       0.825210   1.914959   0.196672    0.012036     0.791293          9144
THEM6        0.976724   1.869945   0.195276    0.008502     0.796222           410
NDUFAF6      1.061612   1.688730   0.193746    0.002132     0.804122           410
C8orf33      0.920700   2.348459   0.193725    0.009494     0.796781          9144
ITIH6        1.198765   2.878816   0.189698    0.000000     0.810302           410

Top 20 Under-expressed Genes:
               mean_z     std_z  over_frac  under_frac  normal_frac  sample_count
GENE_SYMBOL
CHMP7       -0.512769  1.457085   0.040600    0.127703     0.831697          9144
CCDC25      -0.434000  1.485455   0.052030    0.124410     0.823560          9144
CCAR2       -0.410330  1.460769   0.053515    0.113055     0.833430          9144
KDM5C       -0.545154  1.422767   0.040128    0.108005     0.851867          8646
MCPH1       -0.393777  1.426051   0.049164    0.103109     0.847727          9144
BRK1        -0.159365  1.578407   0.066906    0.095801     0.837293           410
INTS9       -0.301446  1.535475   0.066000    0.094634     0.839366          9144
FBXO42      -0.262045  1.407606   0.051409    0.094178     0.854413          9144
ARMH3       -0.346840  1.328517   0.043030    0.089258     0.867713          9144
ASH2L        0.459287  3.989283   0.116281    0.087130     0.796589          9144
GTPBP6      -0.246842  1.403527   0.070952    0.085315     0.843733           410
MBD1        -0.327271  1.310551   0.041472    0.084791     0.873738          9144
SZRD1       -0.212458  1.394011   0.055475    0.084296     0.860230          9144
QRICH1      -0.343552  1.261050   0.035497    0.084267     0.880236          9144
ELP3        -0.334515  1.480830   0.050204    0.083237     0.866559          9144
SMU1        -0.128750  1.580115   0.073542    0.082228     0.844230          9144
TOX4        -0.047487  1.649449   0.069794    0.081214     0.848992          9144
DHX38       -0.193180  1.413906   0.056458    0.080423     0.863119          9144
TRAPPC11    -0.460243  1.144106   0.025475    0.080286     0.894239           410
PPP2CB      -0.322798  1.338277   0.045526    0.079696     0.874778          9144

Scatterplot: mean Z vs fraction over-expressed